5
0
1
2
3
4
4
6
0.1107556768169135 -0.002458116709367744 -0.9938446245339714 3.084357658167391e-09 
0.001508628926638819 -0.7568077649515264 0.6536357785095894 -1.375605052089668e-08 
0.5773502693310479 0.5773502678789879 0.5773502703588416 -323.4849841935112 
-0.5902210394678103 0.1712843502521512 0.7888604413508361 -8.548909136152361e-09 
-0.4449053515180316 -0.03436536644063874 0.8949180128816367 -9.603667194824084e-09 
0.5773502449748348 0.5773502669658354 0.5773502956282062 -323.4849808301973 
